20
1.00000000 0.00000000 0.02000000
0.95105652 0.30901699 0.02000000
0.80901699 0.58778525 0.02000000
0.58778525 0.80901699 0.02000000
0.30901699 0.95105652 0.02000000
0.00000000 1.00000000 0.02000000
-0.30901699 0.95105652 0.02000000
-0.58778525 0.80901699 0.02000000
-0.80901699 0.58778525 0.02000000
-0.95105652 0.30901699 0.02000000
-1.00000000 0.00000000 0.02000000
-0.95105652 -0.30901699 0.02000000
-0.80901699 -0.58778525 0.02000000
-0.58778525 -0.80901699 0.02000000
-0.30901699 -0.95105652 0.02000000
-0.00000000 -1.00000000 0.02000000
0.30901699 -0.95105652 0.02000000
0.58778525 -0.80901699 0.02000000
0.80901699 -0.58778525 0.02000000
0.95105652 -0.30901699 0.02000000
