100
671.53020784 224.90492957 1.00000000
-134.46586419 -83.70639980 1.00000000
524.56016492 -944.05003183 1.00000000
-995.78789330 -540.78993745 1.00000000
-109.22561189 -645.57748212 1.00000000
443.08006468 168.92174156 1.00000000
-542.47555746 722.01772171 1.00000000
890.54139111 596.87788115 1.00000000
802.85491522 594.19512527 1.00000000
-938.82003393 632.87474112 1.00000000
-949.10827801 -489.41191983 1.00000000
82.82494559 683.48966455 1.00000000
878.29832556 346.22705088 1.00000000
-237.59152462 -833.53172439 1.00000000
-566.80120574 -966.61873977 1.00000000
-155.76684883 -970.88005015 1.00000000
-941.91842485 511.17355050 1.00000000
-556.61666745 -500.88154869 1.00000000
-124.22481270 -781.02274541 1.00000000
-8.37551724 249.60416830 1.00000000
-533.83109948 -311.15427181 1.00000000
-538.26691692 -860.96924294 1.00000000
-562.43792532 -680.74895061 1.00000000
-80.79306852 54.76079810 1.00000000
-420.43677082 -663.71010756 1.00000000
-957.02058947 -454.17112636 1.00000000
675.15595133 423.17985437 1.00000000
112.90864530 -90.59673991 1.00000000
284.58872586 -355.99646723 1.00000000
-628.18746821 -52.45797166 1.00000000
985.08682435 -952.73084474 1.00000000
719.89305759 -226.88579048 1.00000000
-758.22008039 -158.16264158 1.00000000
-334.60962928 -623.92139050 1.00000000
442.96881517 -782.47661511 1.00000000
422.38353939 799.63700071 1.00000000
872.88117360 20.23196186 1.00000000
-155.78600008 -581.81801490 1.00000000
660.07138655 211.29728007 1.00000000
340.61113283 634.07933676 1.00000000
-393.26297813 -958.36378298 1.00000000
175.16121229 -964.27095834 1.00000000
764.95800166 -707.07651920 1.00000000
692.39483686 437.67094552 1.00000000
10.56764116 -679.54481474 1.00000000
178.00451597 409.21125570 1.00000000
-930.94833970 356.35159055 1.00000000
-514.52005291 89.40432716 1.00000000
594.80849511 -558.80050395 1.00000000
-171.37200140 951.18903564 1.00000000
-653.98519684 595.62171541 1.00000000
97.59752278 33.19903390 1.00000000
406.08152413 -553.60843951 1.00000000
348.97166100 297.01283620 1.00000000
-250.59395900 -210.20398028 1.00000000
-122.07673991 151.69192558 1.00000000
16.85297650 -357.50838131 1.00000000
556.88523000 261.89572254 1.00000000
41.87683523 -882.42976759 1.00000000
-213.48981007 -402.78810075 1.00000000
-20.61295908 935.80662030 1.00000000
-940.85007207 751.06848847 1.00000000
-913.02541929 -387.22675933 1.00000000
406.76417721 717.02881271 1.00000000
966.37543462 -379.27274529 1.00000000
186.36746076 878.57686427 1.00000000
-212.80062724 487.68423733 1.00000000
-659.30160629 -167.65547447 1.00000000
4.47711687 -495.28379544 1.00000000
964.15327508 -983.03947507 1.00000000
541.04627966 757.43579642 1.00000000
79.23489690 -924.16693880 1.00000000
720.57955784 638.82822123 1.00000000
-535.64774387 924.40225036 1.00000000
27.54332638 140.56114049 1.00000000
904.93477654 -656.96580964 1.00000000
155.58961560 735.56212887 1.00000000
-81.73653618 947.55047232 1.00000000
-461.44104512 408.04628466 1.00000000
95.99261893 17.74749216 1.00000000
914.23256292 -244.06233131 1.00000000
-988.58174110 -306.13823087 1.00000000
567.31046523 -588.47648541 1.00000000
640.97182385 348.30602849 1.00000000
772.35916165 -134.09975780 1.00000000
481.00682367 -611.76271003 1.00000000
618.27980174 -791.15155432 1.00000000
37.35656705 331.91505656 1.00000000
122.71572956 -407.85465383 1.00000000
-147.81864062 -0.40015553 1.00000000
-887.75340496 -349.30869025 1.00000000
740.02031035 743.24301485 1.00000000
139.99866775 799.35653927 1.00000000
-600.32115965 -963.81403272 1.00000000
9.44093486 -598.29397712 1.00000000
-30.14977554 -344.51858981 1.00000000
-286.42007091 974.09943586 1.00000000
-307.84416196 565.40075146 1.00000000
76.95759148 -321.80870430 1.00000000
246.97890560 -573.94040724 1.00000000
