100
766.01913875 -15.40173422 0.62588651
-376.39593633 295.33648368 0.16562953
385.11392921 -244.88357630 0.97304983
697.98224497 -592.17189913 0.44357656
-256.77133850 -992.24868424 0.91314501
402.56532582 -444.75749678 0.72824784
472.83623315 196.32839743 0.60625990
189.15560968 763.32586614 0.26198403
712.55427783 658.84249998 0.52659232
793.20874223 21.92041574 0.13861974
920.15763393 974.03629010 0.13809799
142.46538844 -76.83805226 0.71574977
-647.44820959 669.18697233 0.36108977
-498.80918225 -182.06931744 0.75137631
-564.76262299 489.26123548 0.24049360
139.03469920 975.18338245 0.71815814
515.50022933 -389.32681526 0.71847693
-895.73355772 -659.37434957 0.30549588
363.27291121 240.06741746 0.10638543
434.30652674 61.91236075 0.39700786
-304.03698409 -281.15593603 0.49236150
30.11160859 -992.96151581 0.09997421
-670.40369594 -221.67471678 0.18676126
459.79230097 -148.26105579 0.05534305
-918.58262533 -189.49585652 0.59751357
962.44211630 722.49061796 0.88887612
615.88746690 168.85605416 0.21655779
256.89700396 467.66158491 0.03471344
-464.94751071 795.81834327 0.70392359
825.72578018 497.54692715 0.81491056
918.87767575 -14.59589619 0.96412159
-721.74768196 491.53668057 0.61317896
551.51450063 280.71080099 0.34244317
683.86171709 297.49086933 0.83786862
319.43471263 259.35071738 0.11806711
400.81553283 -186.00205002 0.69263694
-109.88253577 258.52406258 0.09523085
848.61560525 267.46502189 0.39970575
942.41505639 874.23591908 0.49502288
-235.29337436 564.94737074 0.37789427
605.42306160 692.53613320 0.16859758
-134.15681724 534.99958029 0.23171731
-670.49156263 630.65172398 0.82015000
-349.06544629 210.92478946 0.46257580
-747.33985033 -301.09982323 0.57993274
817.76951981 -470.83348336 0.21190702
918.84816009 416.04005413 0.71493506
-761.62653519 747.88414963 0.33011726
201.35816237 88.49351561 0.59361859
-183.55180458 -695.86006608 0.90948706
-763.81993800 665.95057039 0.99439341
-409.04897038 -30.91384218 0.04621795
-503.56725784 -65.79474344 0.79744271
499.15362238 -909.22388031 0.85758783
-991.98208809 20.56184558 0.31957444
-620.32259213 489.49533091 0.38314763
-122.45385976 -154.80437771 0.58025376
-957.93065383 -289.64537282 0.91884023
255.05317707 313.68707780 0.39992859
211.25507716 -960.51722520 0.88003017
670.66470177 14.32719395 0.75856053
-586.78836863 892.25419107 0.15227308
-430.43677288 380.89518388 0.91367992
84.67886151 -196.15254349 0.01518105
-453.54860557 377.81647259 0.14517825
171.47616681 209.98783863 0.66481121
-498.23554110 -582.22121703 0.05711969
367.05430517 -584.58333854 0.37948989
582.18143674 772.05057940 0.12997886
617.30924033 -461.86157959 0.46288927
947.23221910 -850.23044498 0.83998034
90.75400765 661.35518119 0.90608435
-18.38144034 46.39553515 0.03546964
711.39539960 -263.58366805 0.06085176
538.13477172 23.03784427 0.84062404
141.08925877 473.45137670 0.04281478
-233.48723047 -662.89278422 0.27359027
-431.90510853 306.13399647 0.11743672
-783.72158253 426.87399680 0.09103771
615.09817875 630.00688786 0.02762289
-763.85693894 -460.47873265 0.63751301
494.53046938 219.33266133 0.74461427
90.57417954 -535.77224325 0.68677138
929.89065757 122.08934724 0.84562277
522.13131971 -655.27405614 0.66301619
947.03956916 579.53524976 0.38970193
-726.81197412 733.43572930 0.63106302
0.74294766 -340.71287936 0.96959481
145.15657433 -555.36287637 0.64160333
-377.49708538 927.57683411 0.24309173
6.06497641 413.38062650 0.06018410
-286.36247279 687.58524449 0.93516600
56.78794270 -938.93105013 0.59049550
-998.31056410 798.78662331 0.34961474
-115.37133578 244.90412180 0.60535275
-100.89571252 -366.94169152 0.56025760
-390.40162356 -136.46875422 0.52217177
-201.19450481 523.18598700 0.06080464
566.17462234 570.82391186 0.35322755
366.82576793 -620.19826364 0.41265002
