100
348.91013945 -386.43141030 0.00000100
675.40214031 -345.51717063 0.00000100
864.37494379 -366.52970623 0.00000100
-312.30037042 694.26953165 0.00000100
764.78640493 787.00049104 0.00000100
374.22036431 -394.38134065 0.00000100
-31.00255478 -331.33318870 0.00000100
971.01645965 88.45082836 0.00000100
-530.71913026 157.97087263 0.00000100
450.93037248 191.92508000 0.00000100
-830.63953917 -509.80399221 0.00000100
-660.61171641 -959.25194311 0.00000100
821.97556702 -512.48140034 0.00000100
-574.06361002 -855.34493226 0.00000100
518.23236543 102.40950983 0.00000100
200.41766026 -858.16726492 0.00000100
682.26439141 -849.74041549 0.00000100
-263.78400119 270.76418713 0.00000100
-319.42953000 -418.35689916 0.00000100
-417.56942518 584.36951576 0.00000100
734.83964717 -13.47791450 0.00000100
207.96505778 725.29795556 0.00000100
908.61491434 -691.64080767 0.00000100
774.53020943 2.85917189 0.00000100
-729.30804521 589.96698749 0.00000100
102.34094814 -845.78602747 0.00000100
-791.45000397 898.45589795 0.00000100
-921.72440281 -653.51578326 0.00000100
-853.61316234 552.41796597 0.00000100
732.33671473 969.79174229 0.00000100
576.23289745 643.10028949 0.00000100
657.01194294 -360.43199441 0.00000100
-318.20507177 -786.24453084 0.00000100
230.37206512 28.71650211 0.00000100
563.80720327 838.71387842 0.00000100
-243.92074232 -413.02101126 0.00000100
141.56305120 787.51759539 0.00000100
-552.57185450 -716.63870595 0.00000100
-836.51347530 820.96334879 0.00000100
-466.55271404 -936.48010821 0.00000100
781.53625571 -367.86264448 0.00000100
128.89366648 806.17656743 0.00000100
850.13440422 607.71256197 0.00000100
-84.46148192 814.30753399 0.00000100
-445.63446778 681.43704449 0.00000100
574.02932712 492.36977081 0.00000100
655.53631329 379.19035860 0.00000100
-975.23651103 -643.69026871 0.00000100
340.82327805 -134.72399805 0.00000100
-816.63375477 -684.20611250 0.00000100
-769.79500314 429.64890394 0.00000100
770.12014076 335.55747937 0.00000100
-919.95292622 -494.82718441 0.00000100
-520.73327026 -871.17161330 0.00000100
976.31699721 926.77176664 0.00000100
-157.97282514 616.50525674 0.00000100
-768.88363882 98.53986279 0.00000100
-665.23312508 82.75530397 0.00000100
-517.15942980 702.58533266 0.00000100
488.01283307 -93.38064476 0.00000100
-794.33170803 -208.57911056 0.00000100
821.52883656 -322.66171021 0.00000100
-243.44545891 -484.06181506 0.00000100
940.52807306 -951.18299435 0.00000100
818.44545630 292.87768800 0.00000100
-411.95283010 -166.63223540 0.00000100
-493.17972792 141.20726316 0.00000100
-45.97980806 -875.35673839 0.00000100
-799.74171210 -290.11311263 0.00000100
304.10039898 -723.43177209 0.00000100
-920.75957317 -749.74196943 0.00000100
-978.98769696 -481.77406217 0.00000100
965.16725310 657.86876197 0.00000100
-408.90027990 -204.40537387 0.00000100
193.14128638 -197.83569616 0.00000100
-100.31093074 224.88984599 0.00000100
-373.43827786 -532.94069341 0.00000100
-874.07041990 -985.04565392 0.00000100
826.78403433 57.40347977 0.00000100
939.62655368 1.79923911 0.00000100
939.59300899 297.67918468 0.00000100
-777.27537975 -123.36608872 0.00000100
-569.61345993 373.02626132 0.00000100
235.61376002 462.84389832 0.00000100
959.90577178 -523.25064968 0.00000100
85.82639497 -9.85549857 0.00000100
376.37961610 -42.34622484 0.00000100
323.66885775 -549.87582992 0.00000100
-481.82801629 -175.50773417 0.00000100
83.20452583 120.81486898 0.00000100
-385.35776437 813.87900901 0.00000100
-507.23760783 835.41316768 0.00000100
-837.26246923 -449.54927307 0.00000100
-438.42655287 292.83035129 0.00000100
966.75343444 -903.60531328 0.00000100
-104.19551893 -856.89722354 0.00000100
304.02106903 23.38341840 0.00000100
286.93216054 754.84815789 0.00000100
881.46904450 -681.06453848 0.00000100
-219.04289772 532.05571759 0.00000100
